60598.34098021   0.006886014204349866     0.00407105559311796  
60598.34211464   0.009081784531149939     0.00286240913444618  
60598.34381185   0.002730296840069979     0.00266578984362637  
60598.34538723   0.0005898370905197403    0.00246759967852748  
60598.34655758   -0.00039174974935995976  0.00249173378106953  
60598.34772778   0.003167356842389779     0.00249914445138231  
60598.3488985    -0.002111278498420077    0.0025026045644322   
60598.35006331   0.006313822679899772     0.00249697562611094  
60598.35123382   0.0035106705864298426    0.00249934377812426  
60598.35241034   0.008056368771399924     0.00248808237842546  
60598.3535821    0.0028935307916397868    0.00248318121042215  
60598.35475075   0.00905826150563982      0.00248650454112808  
60598.35592166   0.00717065583536014      0.00249039094895854  
60598.35709822   0.0069692454227898715    0.00250290695881949  
60598.35826917   0.004897204759990004     0.00248405463057614  
60598.35944139   0.010036316116650124     0.00248685928267102  
60598.36061222   0.006238917331709892     0.00248752680052597  
60598.36177707   0.00916466262686999      0.00256582117604929  
60598.36295485   0.011188874150529937     0.00264224330429951  
60598.36412607   0.014675698812049998     0.00271225414233986  
60598.36529741   0.010910846988589906     0.00276072554830336  
60598.36646398   0.010603330174180137     0.00274721356486579  
60598.36763568   0.014642598595480116     0.0026822801362725   
60598.36881398   0.012284032575329729     0.00265314824423509  
60598.36998564   0.010630380608749768     0.00256258332962076  
60598.37115157   0.009670341415899841     0.00255009713527038  
60598.37232274   0.009113364890319886     0.00259690940386143  
60598.37350011   0.007848192907379925     0.00277157393998939  
60598.37467213   0.005407380209619728     0.00257705055857326  
60598.37584419   0.009049122482999827     0.00257131010133817  
60598.37701024   0.011896943284489758     0.00268928176614134  
60598.37818906   0.009022754604139926     0.00301578427063391  
60598.37936093   0.007577726543119834     0.00314113082874374  
60598.38052758   0.009760031239359979     0.0030502435102229   
60598.38170561   8.575646454298536E-4     0.0041868114431645   
60598.38287949   0.010533178801449772     0.00507996980434082  
60598.38404049   0.007898570722789877     0.00491377305971388  
60598.38522458   0.013394537279169949     0.00410537737037872  
60598.38639707   0.005664089968730135     0.00293907524687652  
60598.38756401   0.0028876090338401106    0.00272380292864431  
60598.38874231   0.003973493306129949     0.0031285664993719   
60598.38991497   -0.0014592399556199176   0.00292090760101545  
60598.39108313   0.0005096301424400984    0.00265039633640747  
60598.39226177   0.0002799846485497248    0.00257918038171804  
60598.39343512   0.0017861960300300517    0.00252754798307495  
60598.39461017   -0.0026811278284299966   0.00259645655614292  
60598.39578441   -0.004153098477829964    0.00255110320671446  
60598.39695235   0.002353209346759755     0.00265748532631808  
60598.39813163   0.0016241993778001174    0.00314527688853797  
60598.39929969   -0.0028374351622901806   0.00290957971472941  
60598.40047902   -0.0015056003339202206   0.003260055314645    
60598.40165324   -0.00535592498130999     0.00384404736633606  
60598.40282727   -0.0009049547443300554   0.00358409269115939  
60598.40400142   0.0014736782259698877    0.00359701557285508  
60598.40558506   -0.003890676105870128    0.00343176347926878  
60598.40687103   -0.005933382376590135    0.0035730352234955   
60598.40815696   -0.0019908090780198506   0.00336843006567219  
60598.40943704   -0.0008267286750598402   0.00304810610532274  
60598.41072884   -0.0010707784283998656   0.00295106502071768  
60598.41201482   -0.0012196906930399543   0.00274324003302557  
60598.41330093   -0.0011724400625299225   0.0023640730942196   
60598.41458158   -0.0019746461641201307   0.00235430815403324  
60598.41587381   -0.0012340156866499363   0.00237532836039542  
60598.41716023   0.0018165084224497363    0.0023588583020981   
60598.41844667   0.00040538394882005946   0.00238007664855626  
60598.41973341   -0.0017239556553199087   0.00239295759981271  
60598.42101986   -0.0019096398350400001   0.00234114551675854  
60598.42230075   -0.0020987893252901735   0.00231098891472092  
60598.4235935    -0.0015213374318800987   0.0023152764756628   
60598.42488085   0.0017028551916697943    0.00231607569558592  
60598.42616222   0.0011585930001500877    0.00231223451831763  
60598.42745477   -0.002411073876909864    0.00229411317027058  
60598.42873633   -0.0027236285382299386   0.0022800778430467   
60598.43002908   -0.0033010798744599334   0.00227679701920866  
60598.43131658   -0.0026800115807898983   0.00226546239855312  
60598.43260555   -0.001783770102750104    0.00226463690111984  
60598.43388711   -0.00057132256039871265  0.00226954035911363  
60598.43517986   0.0008104042592500527    0.00226822619678591  
60598.43646274   0.001848806685259774     0.00228004010230776  
60598.4377557    -0.0003516274560899646   0.00227858925712401  
60598.43903736   0.004412884973239883     0.00235010735030917  
60598.44033105   -0.0020360030310802024   0.00226724518429247  
60598.44161276   -0.00024549203194013103  0.00228195356141789  
60598.4429066    0.00047831163916001174   0.00228132131917211  
60598.44419446   0.00037715947510985615   0.0022911141313896   
60598.44548394   -0.005469409449410101    0.0023250061093344   
60598.44677197   -0.005530990231980226    0.00249520544053954  
60598.4480602    -0.0012846510025799063   0.00235924832230549  
60598.44934924   -0.001379216065259925    0.00239045849147109  
60598.45063769   -0.006722994079120248    0.00229125525116708  
60598.45192604   -0.00142914606082023     0.00226231256286695  
60598.45321512   0.0023347294083300163    0.00230938831191062  
60598.45450426   -0.005341358059010037    0.00228639233888946  
60598.45579342   0.0010157515262498862    0.00263603528247005  
60598.45707658   -0.0014808312674099433   0.00284087533205427  
60598.4583656    -0.0014054127062799182   0.00270231680396038  
60598.45966061   -0.002308901965439869    0.00265396881072153  
60598.46131739   -0.0020038084735301      0.00274100313802308  
60598.46260881   -0.004262599223869845    0.00252166127255387  
60598.46389529   -0.004083798887339896    0.00239431660986818  
60598.46518128   0.0019082452257097593    0.00243267896991228  
60598.46646776   -0.001973175210470135    0.00253048463311254  
60598.46774814   -0.008261418409710064    0.00255185085478082  
60598.46904003   -0.004592859802050153    0.0022600991530721   
60598.47032138   -0.004454777363410045    0.00228693886450007  
60598.47161429   -0.007190305213450099    0.00229669464829986  
60598.47290278   0.0012704903762998931    0.00283041035919217  
60598.47418352   -0.0009668675364999935   0.00249805425794201  
60598.4754764    -0.001873679874719869    0.00227171248787178  
60598.4767635    0.0005691364680200373    0.00227138927134147  
60598.4780515    0.0014708275594599307    0.00227028186212527  
60598.47933278   0.0010720554771599389    0.00229385448544983  
60598.48062559   0.001069664314679919     0.00236007864120919  
60598.481907     0.0010234077793800367    0.00237887772004391  
60598.48320036   0.0001015394796000102    0.00230348108164024  
60598.48448758   0.0022910540481899666    0.00224658401156937  
60598.48576874   -0.0012958297776601846   0.00225540335088136  
60598.48705766   0.0030247469248601       0.00247163539746517  
60598.48835079   0.005060683514590103     0.00252202832126172  
60598.48963879   0.00013844774949012262   0.00263774957539628  
60598.49092612   -0.0026547424714200574   0.00238229107742598  
60598.49220783   -0.0014153040854698595   0.00260308599536218  
60598.49350111   0.00016101795650991235   0.00334792625909065  
60598.49478884   -0.0014041046277402103   0.00344722460944368  
60598.49607647   -0.004877546607650274    0.00330370616489944  
60598.49735912   0.0017608029893900756    0.00278708028962155  
60598.49865287   0.0011669595359400375    0.00251072534623421  
60598.49993542   -0.0022434393079100445   0.00254373554915717  
60598.50163725   -0.0025017490442000856   0.00242546943970391  
60598.50292348   -0.00048095472515008453  0.00239648464647151  
60598.50420899   0.0013163213785798433    0.00236207119860771  
60598.50549508   -0.0006090169799501943   0.0022706032648923   
60598.50677535   -0.0007585575016202384   0.00227467671827023  
60598.50806709   0.003050642302549811     0.00228195912270424  
60598.50935383   -0.000032002875379966156 0.00227795468748448  
60598.51063432   0.0018984701390101222    0.00229181743696139  
60598.51192675   -0.003519643751809909    0.0023510568887625   
60598.5132132    -0.002340511031150072    0.00234331993050733  
60598.51449972   0.0009345324624798756    0.00229289433049935  
60598.51578769   0.0021219554043798716    0.00227471777178545  
60598.51706909   -0.00265847086374027     0.00227769929879104  
60598.51836207   0.00107778534122982      0.00231009534058763  
60598.51964898   -0.0005548724362700597   0.00227644319570514  
60598.52093038   -0.0008871708880100471   0.00232237519118673  
60598.52222464   -0.0005144724637502485   0.00228680279359045  
60598.52351349   -0.0011298196787801196   0.00230875536296056  
60598.52479563   -0.003905895460750042    0.00229760614312384  
60598.52608886   0.002368294947599825     0.00231959788040564  
60598.52737708   0.002667304356009925     0.00232675501053223  
60598.52866427   -0.0003255917476798764   0.00229593896685047  
60598.52994598   -0.00042877484355985374  0.00226033471779234  
60598.53123932   -0.001741602956950139    0.00227664202852242  
