60503.3281516204	-0.00755486262756	0.01110232943876580
60503.3293344909	-0.03139076838981	0.00966302765293034
60503.3302175812	-0.01775366478292	0.00898523613018229
60503.3310983795	-0.02039522864692	0.00825781221420385
60503.3319791667	-0.02935462892744	0.00745375225562442
60503.3328587962	-0.02011542978300	0.00704142559114196
60503.3337395950	-0.01529619965061	0.00649761488813051
60503.3346203705	-0.01774148427603	0.00606136341631716
60503.3355011576	-0.00905798845591	0.00562138523208933
60503.3363807871	-0.01099223639070	0.00529037333355587
60503.3372615855	-0.01125361993513	0.00507318666278954
60503.3381412038	-0.01396657587842	0.00480449867316243
60503.3404259146	-0.00094070734692	0.00412775539743588
60503.3413379630	-0.00179477863227	0.00400838355128821
60503.3422210649	0.00212684122201	0.00388942089066455
60503.3431018521	-0.00317901031467	0.00377434410109208
60503.3439814816	0.00309393934095	0.00365845204868823
60503.3448622799	-0.00214996156707	0.00349174900281236
60503.3457430554	-0.00163864379138	0.00332912926842381
60503.3466238426	-0.00247396705436	0.00322423404172814
60503.3475046297	-0.00038159806901	0.00315294284220712
60503.3483842709	-0.00913463426438	0.00307635325130393
60503.3492650464	-0.00900053730013	0.00303467429510667
60503.3501458335	-0.00092337176035	0.00296344650874521
60503.3510266202	-0.00103372397296	0.00293128652587354
60503.3519085650	-0.00266860193615	0.00292211415514468
60503.3527893517	-0.00261725843948	0.00290039080381252
60503.3536701505	-0.01054599392208	0.00288186723321946
60503.3545509260	-0.00936142102344	0.00284858723522017
60503.3554328703	-0.00794537843084	0.00283727383302781
60503.3563136574	0.00015038592009	0.00285928855185844
60503.3571944446	-0.00444031176721	0.00283483476066092
60503.3580763773	0.00178020449087	0.00284609928053178
60503.3589583332	0.00549656807040	0.00285510903189809
60503.3598402892	-0.00208274788713	0.00279899190044360
60503.3607222223	0.00713486159034	0.00285927406807762
60503.3616041550	0.00475777022006	0.00287035696887965
60503.3624861110	0.00565258785861	0.00287362500208321
60503.3633680557	0.00702779046254	0.00289137374173127
60503.3642500117	0.01195996809287	0.00286795821575139
60503.3651307988	0.01421922301724	0.00283109690541696
60503.3660138887	0.01717071006966	0.00287272146512115
60503.3668969790	0.01729588038270	0.00287771704897765
60503.3677789466	0.02409153844703	0.00286347345448969
60503.3686620369	0.02581902225319	0.00288651302296011
60503.3695439817	0.02407987200700	0.00279517055118685
60503.3704270715	0.02506485455969	0.00281718947307210
60503.3713090280	0.02701810006963	0.00281110340225271
60503.3721909839	0.03185521947207	0.00281256089817218
60503.3730740742	0.03462572294390	0.00277052657456825
60503.3739571645	0.03349979205162	0.00276499894705215
60503.3748402777	0.03165114309012	0.00276947764252717
60503.3757233796	0.03852326232617	0.00277405964465540
60503.3766064699	0.03807491128347	0.00272913757946180
60503.3774895947	0.03383464327944	0.00273497039591400
60503.3783726850	0.03679474037317	0.00271918926074035
60503.3792557870	0.03780135355447	0.00270752950530454
60503.3801400577	0.03812253392323	0.00270583779690804
60503.3810231597	0.03842458550178	0.00269551633878907
60503.3819074076	0.03847371052216	0.00269427753069082
60503.3827905207	0.03298047147406	0.00272098924156287
60503.3836747687	0.02912461693975	0.00269802828675952
60503.3845578702	0.03884257100740	0.00275625967178619
60503.3854421298	0.03114788999921	0.00276835644615959
60503.3872106480	0.04150577613522	0.00272792729266048
60503.3880937616	0.03368862576363	0.00267117166016721
60503.3889780091	0.03503742477575	0.00264126392592879
60503.3898622803	0.03147970493204	0.00263016073329437
60503.3907476738	0.03974380963748	0.00264484333748842
60503.3916319445	0.02893301779733	0.00263010429386585
60503.3925162036	0.03400532426304	0.00265170542161746
60503.3934016088	0.03432576206845	0.00264414974596910
60503.3942858912	0.03815604477884	0.00267445461603872
60503.3951712963	0.03463464088863	0.00268067719236495
60503.3960567130	0.03692233405126	0.00275064907282767
60503.3969421181	0.03532432174376	0.00272085566760567
60503.3978263889	0.03162825206930	0.00272814764079251
60503.3987118057	0.03492337486578	0.00271199540746774
60503.3995972336	0.03362217695006	0.00268089122567882
60503.4004826275	0.03075452393110	0.00267131253405621
60503.4013680554	0.03247255673693	0.00268849007343050
60503.4022546182	0.02980978788006	0.00270150869235039
60503.4031400461	0.03280122219802	0.00270541146723064
60503.4040266205	0.02659664298888	0.00269370732309009
60503.4049131944	0.02955447498401	0.00269690493029558
60503.4057986112	0.02992394472246	0.00266986991714316
60503.4066851735	0.02881680596786	0.00270559586347226
60503.4075706135	0.02475370204392	0.00270087067914422
60503.4084571758	0.03053441112377	0.00269823770618418
60503.4093449073	0.02444269303194	0.00272007640390021
60503.4102314813	0.01796756597726	0.00265754875420661
60503.4111180556	0.01581064817471	0.00262603254313192
60503.4120046412	0.01663732900583	0.00259956115031897
60503.4128912035	0.01629250324046	0.00257676261932721
60503.4137777779	0.00851195589524	0.00253030849174463
60503.4146655206	0.01190115853042	0.00252133472255601
60503.4155520834	0.00491259731379	0.00248972343231315
60503.4164398266	0.00574144329312	0.00250329177770745
60503.4173275581	0.00455349545590	0.00248490621883594
60503.4182141204	-0.00217910632752	0.00247268346707489
60503.4191006943	0.00173041213704	0.00248424983687496
60503.4199895835	0.00174645239249	0.00246757497655475
60503.4208773146	-0.00141518027428	0.00248049187364384
60503.4217650461	-0.00461793440646	0.00249318742022140
60503.4226527893	-0.00130917812913	0.00251223172017212
60503.4235404976	0.00122623820073	0.00252814520160654
60503.4244282408	-0.00131709975491	0.00250555376565960
60503.4253159724	-0.00755049472494	0.00246009950184881
60503.4262048611	0.00253485856816	0.00245138538755407
60503.4270937386	-0.00299699774048	0.00245959157455838
60503.4279826390	-0.00128933905836	0.00244427587131371
60503.4288715277	-0.00298747548881	0.00241476635243887
60503.4297604281	-0.00086315795417	0.00242826977379280
60503.4306481480	0.00034106322782	0.00244632284198471
60503.4315370256	-0.00382283244548	0.00244225036947847
60503.4324259143	-0.00153492090686	0.00245536549451095
60503.4333148147	-0.00463364363692	0.00244336934162428
60503.4342048610	0.00183018596578	0.00246333979059027
60503.4350937614	-0.00692073941677	0.00244283953505875
60503.4359837961	-0.00007119989729	0.00249950087261462
60503.4368738308	0.00034344403160	0.00248491799949820
60503.4377638772	-0.00874267473948	0.00251037175767584
60503.4386527664	-0.00109563507674	0.00255705833198015
60503.4395428239	-0.00068640530505	0.00257531149729128
60503.4404328702	-0.00356432509281	0.00258234418727827
60503.4413240742	-0.00313076486657	0.00251471037011382
60503.4422141318	0.00093613562221	0.00249365693244301
60503.4431041665	-0.00344434262664	0.00243785245446700
60503.4439942245	-0.00443234897969	0.00246522772518683
60503.4448854168	-0.00309471207178	0.00245547588483408
60503.4457754632	-0.00498038540225	0.00242943739688317
60503.4466666667	-0.00323015701107	0.00245960540504315
60503.4475578703	0.00486850711164	0.00244651873584526
60503.4484479166	-0.00213410895341	0.00244679769919253
60503.4493391090	-0.00050592341396	0.00241124535945944
60503.4502303125	-0.00165056593846	0.00245219384931266
60503.4511215277	0.00078910005118	0.00246632210202168
60503.4520127200	-0.00032362977664	0.00242292305892153
60503.4529039235	-0.00098681733774	0.00244106753280434
60503.4537951275	-0.00377369908573	0.00245981804213279
60503.4546874999	-0.00319868652135	0.00248856851396493
60503.4555821875	-0.00200457406924	0.00250666952960337
60503.4564733798	-0.00318081606947	0.00250563208943550
60503.4573657410	-0.00256451777518	0.00249991112553269
60503.4582569445	-0.00198968351182	0.00249763834114282
60503.4591493057	-0.00567856098222	0.00250718059053166
60503.4600428240	-0.00246192545915	0.00252172832388928
60503.4609351852	-0.00385886804942	0.00253864526660511
60503.4618287035	-0.00345598192345	0.00253547389992619
60503.4627222339	-0.00456758603204	0.00255031207287104
60503.4636145834	-0.00155031707472	0.00254666372488623
60503.4645081018	-0.00870457098279	0.00255444463058068
60503.4654016206	-0.00393138713445	0.00251836817351889
60503.4662939701	-0.00631019922061	0.00248680724062645
60503.4671886572	0.00093145500350	0.00246236034213306
60503.4680821877	-0.00106769747946	0.00245612308833847
60503.4689756943	-0.00346473218695	0.00246727656989210
60503.4698692131	-0.00075573566900	0.00248405134785496
60503.4707627198	-0.00222539485363	0.00247741984396991
60503.4716574191	-0.00229250775336	0.00248783641819552
60503.4725509258	-0.00021341065851	0.00247027517578010
60503.4734444329	-0.00061566885477	0.00247336487340430
60503.4743391089	-0.00001465107989	0.00245779511543472
60503.4752326505	-0.00067593635625	0.00245124201162754
60503.4761273264	-0.00440945362751	0.00247436969450418
60503.4770219791	0.00332614023755	0.00244351302000047
60503.4779166667	-0.00978046755031	0.00244598125656909
60503.4788101967	-0.00192658517122	0.00246143257980300
60503.4797048610	0.00436909066288	0.00246420906513750
60503.4806006830	0.00587054948029	0.00244886751573240
60503.4814953818	0.00023629275622	0.00244990843300306
60503.4823900461	-0.00327437343022	0.00244794775165113
60503.4832847220	0.00159914944180	0.00243170075253191
60503.4841805673	0.00620336132086	0.00242066412321543
60503.4850752316	-0.00245804223801	0.00240621903412118
60503.4859710647	0.00173240782577	0.00241078074930160
60503.4868668983	-0.00750417049747	0.00238488645506446
60503.4877615743	-0.00270889111624	0.00240164437882641
60503.4886585651	-0.00604588063382	0.00239490764755422
60503.4895543982	-0.00312591723712	0.00242771714094149
60503.4904513889	-0.00212757202455	0.00242765732875360
60503.4913472221	0.00102410686708	0.00237235105937233
60503.4932164237	-0.00050684166292	0.00239910417377529
60503.4940972221	-0.00152000755274	0.00241041233655048
60503.4949780092	-0.00248604509449	0.00242351326235705
60503.4958587964	-0.00004811672833	0.00241263027362865
60503.4967395835	0.00166170757063	0.00241955115709124
60503.4976192247	0.00479544058383	0.00243061995976478
60503.4985023150	0.00019379795132	0.00242155752444710
60503.4993831017	-0.00236720968747	0.00241365011875584
60503.5002627316	0.00455553309766	0.00243707228177324
60503.5011446760	-0.00194734497282	0.00242171691611120
60503.5020254631	0.00235444517017	0.00240460101251428
60503.5029062614	-0.00348909432721	0.00240427542135939
60503.5037870486	0.00854947287048	0.00243849977409418
60503.5046678357	-0.00001636765272	0.00242201835595141
60503.5055486112	0.00104113050565	0.00242472976615642
60503.5064305556	-0.00215230086770	0.00240947983746766
60503.5073113427	0.00409447857679	0.00241260586895080
60503.5081932870	0.00109794901309	0.00238933358653153
60503.5090740742	0.00265431632366	0.00239611761474625
60503.5099560301	0.00210199714284	0.00237878188223622
60503.5108379628	0.00252921367894	0.00238800046024976
60503.5117187500	0.00449390076861	0.00238808250566194
60503.5126006943	0.00686061366983	0.00238665849192376
60503.5134837962	-0.00055858366182	0.00236866315902984
60503.5143645834	0.00048323090071	0.00236212144057943
60503.5152488425	0.00540740423713	0.00237613032969860
60503.5161307873	0.00161485151562	0.00239015648922801
60503.5170127199	0.00039989269435	0.00238360220554116
60503.5178958335	0.00165522065440	0.00237985268613765
60503.5187777779	0.00441782826828	0.00239768150388284
60503.5196597222	0.00483530545943	0.00241790360454721
60503.5205428125	0.00182540777483	0.00241025151874600
60503.5214247801	0.00010889106505	0.00241559562034365
60503.5223078704	0.00393448028339	0.00243323057933874
60503.5231921179	0.00379055748665	0.00243142138946903
60503.5240752315	0.00096585534115	0.00244260475074220
60503.5249583334	0.00200307234664	0.00246446902556451
60503.5258414354	0.00817709682904	0.00245686195130874
60503.5267245369	0.00757647601978	0.00246743822604667
60503.5276076504	0.00503584686130	0.00243513051896808
60503.5284907408	0.00033702414750	0.00242848952386151
60503.5293738311	0.00384204663366	0.00245215324316334
60503.5302569447	0.00092971936106	0.00245679162530707
60503.5311400461	0.00211137400203	0.00244822751630592
60503.5320242941	0.00120447878705	0.00243063153328160
60503.5329074189	0.00357157250141	0.00241107859654464
60503.5337905092	-0.00208490573666	0.00239729088665433
60503.5346747571	0.00629521678520	0.00241784802398793
60503.5355590279	0.00143843319002	0.00242289537294759
60503.5364432870	0.00142472355555	0.00241881467149711
60503.5373275461	0.00155564797121	0.00242323105746306
60503.5382106481	0.00298911872534	0.00241526525988342
60503.5390960532	0.00273800030710	0.00240038666849524
60503.5399803356	0.00066843603506	0.00239494541229898
60503.5408657407	0.00283579946969	0.00241686293280444
60503.5417500115	-0.00174476321055	0.00239691530242038
60503.5426342594	0.00399173323620	0.00239047443700871
60503.5435196762	0.00507971854452	0.00240009899668712
60503.5444039353	0.00026100926655	0.00240629215038481
60503.5452881827	0.00749745576998	0.00242219424668294
60503.5461724535	0.00418748647072	0.00242331099059857
60503.5470590279	0.00298700668195	0.00241223210239956
60503.5479444447	0.00319244596813	0.00241936124810013
60503.5488298498	0.00535148506221	0.00243834303792283
60503.5497152777	0.00451202614960	0.00241493964788626
60503.5506006828	0.00372495374341	0.00240769258022614
60503.5514861112	0.00301191769647	0.00241880718799870
60503.5523726851	0.00096565889906	0.00243144903022774
60503.5532569559	0.00211538554845	0.00242940338670020
60503.5541435186	0.00543873700755	0.00242486847503193